-1
751993
-1
-1
-1
-1
-1
-1
-1
-1
-1
-1
-1
-1
-1
-1
-1
-1
-1
-1
8
-1
-1
-1
-1
-1
2455
-1
-1
86
-1
-1
29
45
-1
-1
55320
-1
29
754
1211
-1
-1
-1
-1
-1
-1
4744
-1
-1
105
-1
-1
-1
-1
1219
-1
-1
-1
-1
-1
-1
-1
-1
-1
-1
-1
-1
-1
-1
57608
-1
-1
31
-1
-1
-1
419599
-1
-1
-1
-1
-1
1378
-1
-1
-1
357631
-1
-1
-1
819446
-1
658
-1
-1
-1
51
516665
-1
-1
-1
-1
-1
-1
-1
-1
-1
-1
755
-1
99957
-1
-1
-1
7
-1
383893
89
-1
-1
25
-1
30194
-1
-1
-1
-1
-1
-1
-1
-1
-1
-1
-1
-1
-1
-1
-1
-1
-1
-1
105
-1
-1
-1
-1
-1
31
-1
22104
-1
-1
-1
-1
369557
-1
-1
383562
-1
-1
-1
-1
-1
30734
53800
-1
-1
-1
-1
-1
1770
554155
-1
-1
-1
-1
201
-1
-1
-1
-1
-1
-1
982329
-1
-1
-1
-1
195
-1
-1
652845
-1
236733
-1
-1
-1
-1
-1
-1
-1
520067
-1
7824
51
-1
-1
-1
-1
-1
-1
-1
-1
-1
-1
-1
-1
-1
-1
-1
-1
-1
-1
-1
754
-1
-1
-1
-1
-1
-1
577
-1
-1
-1
113
-1
-1
-1
-1
738891
-1
19
19560
-1
-1
-1
-1
-1
2929
-1
783
4
-1
-1
-1
-1
3808
-1
310872
-1
-1
-1
-1
-1
55
75
-1
-1
1378
-1
-1
-1
7606
-1
1
-1
-1
4126
-1
-1
-1
-1
-1
-1
-1
-1
-1
-1
-1
-1
-1
1421
-1
-1
725
-1
-1
0
-1
72432
959313
-1
-1
-1
-1
55
-1
25800
-1
-1
-1
1373
-1
439
-1
-1
-1
-1
-1
-1
75
-1
-1
-1
-1
51
-1
21224
30651
-1
-1
51869
-1
339
-1
-1
-1
19
411
-1
-1
-1
412
-1
-1
-1
-1
-1
17
-1
10
-1
4560
-1
-1
-1
-1
-1
-1
-1
0
-1
-1
-1
-1
-1
-1
-1
20730
-1
-1
-1
-1
-1
-1
-1
23779
-1
-1
-1
-1
-1
-1
-1
-1
-1
-1
-1
-1
-1
-1
15
100505
-1
-1
-1
1205
-1
-1
880
-1
-1
426750
-1
-1
-1
-1
-1
-1
-1
-1
-1
-1
-1
-1
501
-1
-1
615091
318
19906
638363
-1
-1
-1
-1
-1
10442
-1
-1
-1
-1
-1
-1
2900
-1
-1
-1
-1
7
-1
12148
-1
-1
-1
75
-1
-1
-1
-1
-1
-1
-1
-1
-1
-1
-1
-1
-1
-1
-1
155391
-1
-1
-1
-1
1812
211586
-1
-1
1563
-1
-1
-1
-1
-1
-1
-1
-1
-1
-1
17
-1
-1
-1
-1
-1
-1
-1
-1
-1
-1
-1
-1
-1
-1
-1
-1
-1
-1
-1
3
7454
-1
-1
-1
-1
-1
1
-1
-1
-1
-1
-1
-1
502
-1
-1
-1
-1
673
-1
-1
-1
105
65097
-1
-1
173
-1
-1
-1
-1
-1
-1
-1
-1
-1
-1
-1
75
-1
-1
-1
-1
84645
-1
-1
435
-1
-1
-1
-1
-1
-1
-1
-1
-1
-1
-1
-1
-1
-1
511
-1
-1
-1
-1
-1
-1
520
-1
-1
-1
-1
-1
-1
36
-1
-1
-1
37095
-1
-1
-1
-1
-1
-1
221008
-1
-1
4
-1
-1
-1
-1
28603
-1
-1
-1
-1
-1
102718
-1
-1
-1
773
-1
-1
-1
566
-1
-1
348508
-1
-1
-1
-1
-1
-1
-1
46
-1
-1
-1
-1
-1
-1
-1
264587
10
-1
-1
-1
-1
-1
-1
-1
-1
-1
14640
16506
-1
-1
15
-1
34650
-1
-1
-1
-1
-1
-1
-1
-1
-1
-1
-1
-1
-1
-1
-1
-1
-1
-1
-1
-1
-1
-1
-1
-1
13
-1
-1
-1
-1
371039
-1
-1
-1
-1
-1
-1
-1
-1
-1
1930
151387
3
-1
-1
-1
-1
291930
-1
12922
-1
-1
14512
-1
-1
995015
586651
-1
10
66832
-1
0
-1
-1
-1
-1
-1
-1
-1
-1
-1
-1
215
-1
583740
-1
-1
-1
22
-1
2370
-1
-1
-1
-1
-1
-1
2489
-1
-1
-1
91
-1
-1
-1
-1
4
-1
-1
-1
144
-1
7575
-1
-1
-1
-1
-1
-1
-1
-1
4
-1
-1
31
-1
-1
-1
-1
232485
-1
-1
-1
-1
-1
-1
-1
-1
7
-1
-1
-1
-1
-1
-1
-1
-1
-1
-1
354
458436
-1
-1
33
-1
-1
-1
-1
10666
-1
-1
-1
-1
-1
-1
-1
8
-1
387982
-1
38974
90037
349131
-1
-1
-1
-1
-1
-1
7889
25
-1
-1
-1
-1
-1
-1
-1
4
-1
804491
-1
-1
-1
-1
347307
-1
-1
-1
-1
-1
-1
75
-1
-1
-1
56
675695
953
-1
414477
-1
-1
-1
-1
414621
-1
-1
-1
-1
-1
-1
-1
-1
13810
-1
265
-1
-1
865198
10
-1
-1
-1
-1
-1
-1
37859
-1
101062
-1
-1
3
-1
-1
344968
-1
-1
-1
523607
-1
-1
-1
-1
-1
-1
7029
29
-1
-1
55
105842
-1
-1
810548
-1
-1
-1
-1
-1
-1
-1
-1
-1
35497
-1
-1
-1
-1
-1
-1
-1
17270
-1
2652
-1
-1
-1
-1
-1
-1
-1
-1
-1
-1
-1
-1
-1
4688
-1
-1
-1
-1
-1
-1
-1
14775
-1
-1
706673
-1
-1
-1
-1
-1
-1
-1
-1
-1
-1
-1
-1
-1
-1
-1
-1
-1
-1
-1
-1
-1
-1
-1
-1
-1
-1
-1
-1
-1
-1
-1
-1
-1
-1
-1
-1
-1
-1
-1
-1
-1
-1
-1
-1
-1
-1
-1
-1
-1
-1
-1
0
1
0
0
0
0
0
0
0
0
0
0
0
0
0
0
0
0
0
0
-28714
0
0
0
0
0
1459
0
0
1490
0
0
-28610
1512
0
0
6
0
-28610
1517
1445
0
0
0
0
0
0
64
0
0
-28452
0
0
0
0
1462
0
0
0
0
0
0
0
0
0
0
0
0
0
0
57
0
0
-28432
0
0
0
4
0
0
0
0
0
1450
0
0
0
2
0
0
0
1
0
1428
0
0
0
-28742
1
0
0
0
0
0
0
0
0
0
0
1512
0
3
0
0
0
-28512
0
1
1464
0
0
-28323
0
70
0
0
0
0
0
0
0
0
0
0
0
0
0
0
0
0
0
0
-28452
0
0
0
0
0
-28432
0
57
0
0
0
0
3
0
0
2
0
0
0
0
0
42
2
0
0
0
0
0
1416
1
0
0
0
0
1439
0
0
0
0
0
0
1
0
0
0
0
1441
0
0
1
0
2
0
0
0
0
0
0
0
4
0
61
-28742
0
0
0
0
0
0
0
0
0
0
0
0
0
0
0
0
0
0
0
1517
0
0
0
0
0
0
1493
0
0
0
1506
0
0
0
0
1
0
-28816
60
0
0
0
0
0
68
0
1460
-28375
0
0
0
0
50
0
2
0
0
0
0
0
-28368
-28428
0
0
1450
0
0
0
58
0
-28459
0
0
58
0
0
0
0
0
0
0
0
0
0
0
0
0
1548
0
0
1480
0
0
1523
0
3
1
0
0
0
0
-28368
0
71
0
0
0
60
0
1462
0
0
0
0
0
0
-28428
0
0
0
0
-28742
0
84
54
0
0
60
0
1485
0
0
0
-28816
1428
0
0
0
1542
0
0
0
0
0
-28709
0
-28398
0
51
0
0
0
0
0
0
0
-28291
0
0
0
0
0
0
0
66
0
0
0
0
0
0
0
56
0
0
0
0
0
0
0
0
0
0
0
0
0
0
-28200
3
0
0
0
1562
0
0
53
0
0
1
0
0
0
0
0
0
0
0
0
0
0
0
1457
0
0
1
1431
62
1
0
0
0
0
0
59
0
0
0
0
0
0
69
0
0
0
0
-28512
0
56
0
0
0
-28428
0
0
0
0
0
0
0
0
0
0
0
0
0
0
0
1
0
0
0
0
61
4
0
0
64
0
0
0
0
0
0
0
0
0
0
-28709
0
0
0
0
0
0
0
0
0
0
0
0
0
0
0
0
0
0
0
1519
56
0
0
0
0
0
-28459
0
0
0
0
0
0
1516
0
0
0
0
1519
0
0
0
-28452
49
0
0
1515
0
0
0
0
0
0
0
0
0
0
0
-28428
0
0
0
0
6
0
0
1469
0
0
0
0
0
0
0
0
0
0
0
0
0
0
1469
0
0
0
0
0
0
1437
0
0
0
0
0
0
-28413
0
0
0
5
0
0
0
0
0
0
3
0
0
-28375
0
0
0
0
76
0
0
0
0
0
2
0
0
0
1450
0
0
0
1405
0
0
1
0
0
0
0
0
0
0
-28390
0
0
0
0
0
0
0
1
-28398
0
0
0
0
0
0
0
0
0
66
61
0
0
-28200
0
53
0
0
0
0
0
0
0
0
0
0
0
0
0
0
0
0
0
0
0
0
0
0
0
0
-28665
0
0
0
0
3
0
0
0
0
0
0
0
0
0
58
3
-28494
0
0
0
0
2
0
51
0
0
55
0
0
1
1
0
-28398
5
0
-28291
0
0
0
0
0
0
0
0
0
0
1443
0
4
0
0
0
1441
0
56
0
0
0
0
0
0
52
0
0
0
51
0
0
0
0
-28375
0
0
0
1438
0
61
0
0
0
0
0
0
0
0
-28375
0
0
1498
0
0
0
0
2
0
0
0
0
0
0
0
0
-28512
0
0
0
0
0
0
0
0
0
0
1491
2
0
0
-28402
0
0
0
0
62
0
0
0
0
0
0
0
-28714
0
2
0
52
1
3
0
0
0
0
0
0
3
-28323
0
0
0
0
0
0
0
-28375
0
1
0
0
0
0
3
0
0
0
0
0
0
-28428
0
0
0
1465
1
1470
0
2
0
0
0
0
2
0
0
0
0
0
0
0
0
51
0
1434
0
0
1
-28398
0
0
0
0
0
0
53
0
3
0
0
-28494
0
0
4
0
0
0
2
0
0
0
0
0
0
70
-28610
0
0
-28368
4
0
0
1
0
0
0
0
0
0
0
0
0
75
0
0
0
0
0
0
0
7
0
50
0
0
0
0
0
0
0
0
0
0
0
0
0
59
0
0
0
0
0
0
0
66
0
0
1
0
0
0
0
0
0
0
0
0
0
0
0
0
0
0
0
0
0
0
0
0
0
0
0
0
0
0
0
0
0
0
0
0
0
0
0
0
0
0
0
0
0
0
0
0
0
0
0
0
0
0
